|2|1| |f|f|
|2|1| |1|1| |f|f|
|2|1| |1|1| |1|0| |f|f|
|2|1| |1|1| |1|0| |0|0| |f|f|
|2|1| |1|1| |1|0| |0|0| |f|f|
|2|1| |f|f|
|2|1| |1|1| |f|f|
|2|1| |1|1| |1|0| |f|f|
|2|1| |1|1| |1|0| |0|0| |f|f|
|2|1| |1|1| |1|0| |0|0| |f|f|
|2|1| |f|f|
|2|1| |1|1| |f|f|
|2|1| |1|1| |1|0| |f|f|
|2|1| |1|1| |1|0| |0|0| |f|f|
|2|1| |1|1| |1|0| |0|0| |f|f|
|2|1| |f|f|
|2|1| |1|1| |f|f|
|2|1| |1|1| |1|0| |f|f|
|2|1| |1|1| |1|0| |0|0| |f|f|
|2|1| |1|1| |1|0| |0|0| |f|f|
|2|1| |f|f|
|2|1| |1|1| |f|f|
|2|1| |1|1| |1|0| |f|f|
|2|1| |1|1| |1|0| |0|0| |f|f|
|2|1| |1|1| |1|0| |0|0| |f|f|
|2|1| |f|f|
|2|1| |1|1| |f|f|
|2|1| |1|1| |1|0| |f|f|
|2|1| |1|1| |1|0| |0|0| |f|f|
|2|1| |1|1| |1|0| |0|0| |f|f|
|2|1| |f|f|
